{
  "gpt2_expanded": {
    "metric_names": [
      "distinct_2",
      "self_bleu",
      "entropy",
      "epd",
      "vendi",
      "jaccard",
      "ptd",
      "crd",
      "usr",
      "sed"
    ],
    "tau_matrix": [
      [
        1.0,
        -0.9428571428571428,
        0.7714285714285715,
        0.9047619047619049,
        0.9238095238095239,
        0.8285714285714286,
        0.14285714285714288,
        0.9238095238095239,
        0.50709255283711,
        0.5047619047619049
      ],
      [
        -0.9428571428571428,
        1.0,
        -0.7142857142857143,
        -0.9238095238095239,
        -0.9428571428571428,
        -0.8476190476190477,
        -0.1619047619047619,
        -0.9428571428571428,
        -0.50709255283711,
        -0.5238095238095238
      ],
      [
        0.7714285714285715,
        -0.7142857142857143,
        1.0,
        0.6761904761904762,
        0.7333333333333334,
        0.6761904761904762,
        0.29523809523809524,
        0.6952380952380953,
        0.50709255283711,
        0.6571428571428571
      ],
      [
        0.9047619047619049,
        -0.9238095238095239,
        0.6761904761904762,
        1.0,
        0.9428571428571428,
        0.8095238095238096,
        0.12380952380952381,
        0.9047619047619049,
        0.50709255283711,
        0.48571428571428577
      ],
      [
        0.9238095238095239,
        -0.9428571428571428,
        0.7333333333333334,
        0.9428571428571428,
        1.0,
        0.8666666666666667,
        0.10476190476190476,
        0.9238095238095239,
        0.50709255283711,
        0.4666666666666667
      ],
      [
        0.8285714285714286,
        -0.8476190476190477,
        0.6761904761904762,
        0.8095238095238096,
        0.8666666666666667,
        1.0,
        0.1619047619047619,
        0.9047619047619049,
        0.50709255283711,
        0.40952380952380957
      ],
      [
        0.14285714285714288,
        -0.1619047619047619,
        0.29523809523809524,
        0.12380952380952381,
        0.10476190476190476,
        0.1619047619047619,
        1.0,
        0.18095238095238098,
        0.50709255283711,
        0.561904761904762
      ],
      [
        0.9238095238095239,
        -0.9428571428571428,
        0.6952380952380953,
        0.9047619047619049,
        0.9238095238095239,
        0.9047619047619049,
        0.18095238095238098,
        1.0,
        0.50709255283711,
        0.5047619047619049
      ],
      [
        0.50709255283711,
        -0.50709255283711,
        0.50709255283711,
        0.50709255283711,
        0.50709255283711,
        0.50709255283711,
        0.50709255283711,
        0.50709255283711,
        1.0,
        0.50709255283711
      ],
      [
        0.5047619047619049,
        -0.5238095238095238,
        0.6571428571428571,
        0.48571428571428577,
        0.4666666666666667,
        0.40952380952380957,
        0.561904761904762,
        0.5047619047619049,
        0.50709255283711,
        1.0
      ]
    ],
    "rho_matrix": [
      [
        1.0,
        -0.9892857142857142,
        0.8607142857142854,
        0.9749999999999999,
        0.9857142857142854,
        0.9392857142857142,
        0.175,
        0.982142857142857,
        0.5916079783099615,
        0.5928571428571427
      ],
      [
        -0.9892857142857142,
        1.0,
        -0.8285714285714284,
        -0.982142857142857,
        -0.9892857142857142,
        -0.9428571428571427,
        -0.2178571428571428,
        -0.982142857142857,
        -0.5916079783099615,
        -0.5964285714285712
      ],
      [
        0.8607142857142854,
        -0.8285714285714284,
        1.0,
        0.8178571428571428,
        0.8392857142857142,
        0.7964285714285713,
        0.39642857142857135,
        0.8285714285714284,
        0.5916079783099615,
        0.8142857142857142
      ],
      [
        0.9749999999999999,
        -0.982142857142857,
        0.8178571428571428,
        1.0,
        0.9892857142857142,
        0.914285714285714,
        0.17857142857142855,
        0.9714285714285713,
        0.5916079783099615,
        0.5821428571428571
      ],
      [
        0.9857142857142854,
        -0.9892857142857142,
        0.8392857142857142,
        0.9892857142857142,
        1.0,
        0.9357142857142854,
        0.15357142857142855,
        0.9749999999999999,
        0.5916079783099615,
        0.5714285714285713
      ],
      [
        0.9392857142857142,
        -0.9428571428571427,
        0.7964285714285713,
        0.914285714285714,
        0.9357142857142854,
        1.0,
        0.22142857142857136,
        0.9678571428571429,
        0.5916079783099615,
        0.5071428571428571
      ],
      [
        0.175,
        -0.2178571428571428,
        0.39642857142857135,
        0.17857142857142855,
        0.15357142857142855,
        0.22142857142857136,
        1.0,
        0.2285714285714285,
        0.5916079783099615,
        0.7357142857142855
      ],
      [
        0.982142857142857,
        -0.982142857142857,
        0.8285714285714284,
        0.9714285714285713,
        0.9749999999999999,
        0.9678571428571429,
        0.2285714285714285,
        1.0,
        0.5916079783099615,
        0.5857142857142856
      ],
      [
        0.5916079783099615,
        -0.5916079783099615,
        0.5916079783099615,
        0.5916079783099615,
        0.5916079783099615,
        0.5916079783099615,
        0.5916079783099615,
        0.5916079783099615,
        1.0,
        0.5916079783099616
      ],
      [
        0.5928571428571427,
        -0.5964285714285712,
        0.8142857142857142,
        0.5821428571428571,
        0.5714285714285713,
        0.5071428571428571,
        0.7357142857142855,
        0.5857142857142856,
        0.5916079783099616,
        1.0
      ]
    ],
    "config_metrics": {
      "contrastive": {
        "distinct_2": 0.7210796915167095,
        "self_bleu": 0.3100490455926713,
        "entropy": 8.738768215842944,
        "epd": 0.9547853706703721,
        "vendi": 23.033266750811205,
        "jaccard": 0.8675629550117387,
        "ptd": 0.504133610762504,
        "crd": 0.5329740012682308,
        "usr": 1.0,
        "sed": 0.7437492425094181
      },
      "greedy": {
        "distinct_2": 0.08634020618556701,
        "self_bleu": 1.0,
        "entropy": 5.901207300838504,
        "epd": 0.6893069255215434,
        "vendi": 2.9992512178570463,
        "jaccard": 0.6490299823633158,
        "ptd": 0.3410059676044331,
        "crd": 0.11371237458193979,
        "usr": 0.125,
        "sed": 0.572487536182028
      },
      "nucleus_0.5": {
        "distinct_2": 0.6870026525198939,
        "self_bleu": 0.3118757227766377,
        "entropy": 8.569706665341338,
        "epd": 0.9574493668440863,
        "vendi": 22.90090922517605,
        "jaccard": 0.8556056066934118,
        "ptd": 0.5205603165836313,
        "crd": 0.5243619489559165,
        "usr": 1.0,
        "sed": 0.7473747994536757
      },
      "nucleus_0.7": {
        "distinct_2": 0.7549148099606815,
        "self_bleu": 0.2710295343131906,
        "entropy": 8.799083532072514,
        "epd": 0.9668092842816685,
        "vendi": 23.40348040056999,
        "jaccard": 0.8760996293500847,
        "ptd": 0.5090332818054851,
        "crd": 0.5571653543307087,
        "usr": 1.0,
        "sed": 0.7491365745076755
      },
      "nucleus_0.9": {
        "distinct_2": 0.7889182058047494,
        "self_bleu": 0.25597364194572686,
        "entropy": 8.87207105661791,
        "epd": 0.9694170057725984,
        "vendi": 23.575079940114083,
        "jaccard": 0.8846916402768427,
        "ptd": 0.5166505039104585,
        "crd": 0.5778663396689148,
        "usr": 1.0,
        "sed": 0.7631871783093234
      },
      "nucleus_0.95": {
        "distinct_2": 0.7981283422459893,
        "self_bleu": 0.23818107892885174,
        "entropy": 8.883740582859115,
        "epd": 0.9718829262942159,
        "vendi": 23.580670067703515,
        "jaccard": 0.8877876949044378,
        "ptd": 0.5263926770274271,
        "crd": 0.5949067219425526,
        "usr": 1.0,
        "sed": 0.7697383673923518
      },
      "temp_0.3": {
        "distinct_2": 0.3035019455252918,
        "self_bleu": 0.6455597923296091,
        "entropy": 6.985443905124992,
        "epd": 0.9098471912232233,
        "vendi": 16.804268164337522,
        "jaccard": 0.7956170613409506,
        "ptd": 0.4687962609078338,
        "crd": 0.35473870682019487,
        "usr": 0.9166666666666666,
        "sed": 0.6738433373074323
      },
      "temp_0.5": {
        "distinct_2": 0.6192959582790091,
        "self_bleu": 0.35669341862680004,
        "entropy": 8.372959272169373,
        "epd": 0.9516843924665287,
        "vendi": 22.537856881777962,
        "jaccard": 0.8504324556203979,
        "ptd": 0.5207565308297171,
        "crd": 0.48779661016949155,
        "usr": 1.0,
        "sed": 0.7310300308102634
      },
      "temp_0.7": {
        "distinct_2": 0.706111833550065,
        "self_bleu": 0.29226539171485766,
        "entropy": 8.660513458640342,
        "epd": 0.9592720805429865,
        "vendi": 23.14002522856643,
        "jaccard": 0.8739759193512366,
        "ptd": 0.5258865706515384,
        "crd": 0.5402640264026403,
        "usr": 1.0,
        "sed": 0.7612675045539373
      },
      "temp_1.0": {
        "distinct_2": 0.7907894736842105,
        "self_bleu": 0.2464213784545769,
        "entropy": 8.884634350475142,
        "epd": 0.9717705100163659,
        "vendi": 23.584696147698157,
        "jaccard": 0.894075994365797,
        "ptd": 0.5206014122125046,
        "crd": 0.5907222548443922,
        "usr": 1.0,
        "sed": 0.7628213889842927
      },
      "temp_1.2": {
        "distinct_2": 0.8117154811715481,
        "self_bleu": 0.22838327493099933,
        "entropy": 8.84426724454566,
        "epd": 0.9771316523853251,
        "vendi": 23.736365059679354,
        "jaccard": 0.9170742532594075,
        "ptd": 0.502212642286682,
        "crd": 0.6271139451067369,
        "usr": 1.0,
        "sed": 0.7566197121673145
      },
      "temp_1.5": {
        "distinct_2": 0.8055555555555556,
        "self_bleu": 0.21637075622542493,
        "entropy": 8.751185848219245,
        "epd": 0.9843335725430844,
        "vendi": 23.861436152309093,
        "jaccard": 0.9387096164758104,
        "ptd": 0.4716246185756646,
        "crd": 0.6549800796812749,
        "usr": 1.0,
        "sed": 0.6904206070088115
      },
      "typical_0.8": {
        "distinct_2": 0.7780713342140027,
        "self_bleu": 0.2668648960641375,
        "entropy": 8.843540007770173,
        "epd": 0.9666361093923914,
        "vendi": 23.452786870320953,
        "jaccard": 0.8854696489448282,
        "ptd": 0.5167358922251711,
        "crd": 0.5667396061269147,
        "usr": 1.0,
        "sed": 0.7522784855153979
      },
      "typical_0.9": {
        "distinct_2": 0.7643229166666666,
        "self_bleu": 0.27082372909309094,
        "entropy": 8.81346543785063,
        "epd": 0.9617372632033422,
        "vendi": 23.204814851117057,
        "jaccard": 0.8878051232781766,
        "ptd": 0.525923809321425,
        "crd": 0.5771445892694756,
        "usr": 1.0,
        "sed": 0.7584907274276153
      },
      "typical_0.95": {
        "distinct_2": 0.7830188679245284,
        "self_bleu": 0.2539790259826207,
        "entropy": 8.824772075542763,
        "epd": 0.9674673880669393,
        "vendi": 23.480117668554083,
        "jaccard": 0.8805005487037685,
        "ptd": 0.5209194631496215,
        "crd": 0.5756923076923077,
        "usr": 1.0,
        "sed": 0.7636178581208061
      }
    },
    "key_new_pairs": {
      "distinct_2_vs_sed": {
        "tau": 0.5048,
        "rho": 0.5929
      },
      "distinct_2_vs_crd": {
        "tau": 0.9238,
        "rho": 0.9821
      },
      "distinct_2_vs_usr": {
        "tau": 0.5071,
        "rho": 0.5916
      },
      "sed_vs_epd": {
        "tau": 0.4857,
        "rho": 0.5821
      },
      "sed_vs_vendi": {
        "tau": 0.4667,
        "rho": 0.5714
      },
      "sed_vs_ptd": {
        "tau": 0.5619,
        "rho": 0.7357
      },
      "crd_vs_ptd": {
        "tau": 0.181,
        "rho": 0.2286
      },
      "usr_vs_ptd": {
        "tau": 0.5071,
        "rho": 0.5916
      },
      "sed_vs_crd": {
        "tau": 0.5048,
        "rho": 0.5857
      }
    }
  },
  "length_ablation": {
    "truncation_levels": [
      30,
      50,
      100
    ],
    "metrics_tested": [
      "distinct_2",
      "self_bleu",
      "entropy",
      "epd",
      "vendi",
      "jaccard"
    ],
    "results": {
      "30": {
        "distinct_2_vs_self_bleu": {
          "mean_tau": -0.9289,
          "std_tau": 0.0831
        },
        "distinct_2_vs_entropy": {
          "mean_tau": 0.9658,
          "std_tau": 0.0419
        },
        "distinct_2_vs_epd": {
          "mean_tau": 0.503,
          "std_tau": 0.3608
        },
        "distinct_2_vs_vendi": {
          "mean_tau": 0.9231,
          "std_tau": 0.0648
        },
        "distinct_2_vs_jaccard": {
          "mean_tau": 0.9448,
          "std_tau": 0.0456
        },
        "self_bleu_vs_entropy": {
          "mean_tau": -0.9011,
          "std_tau": 0.1052
        },
        "self_bleu_vs_epd": {
          "mean_tau": -0.4742,
          "std_tau": 0.3721
        },
        "self_bleu_vs_vendi": {
          "mean_tau": -0.8806,
          "std_tau": 0.1056
        },
        "self_bleu_vs_jaccard": {
          "mean_tau": -0.8821,
          "std_tau": 0.1068
        },
        "entropy_vs_epd": {
          "mean_tau": 0.5006,
          "std_tau": 0.3531
        },
        "entropy_vs_vendi": {
          "mean_tau": 0.9219,
          "std_tau": 0.0551
        },
        "entropy_vs_jaccard": {
          "mean_tau": 0.9662,
          "std_tau": 0.0335
        },
        "epd_vs_vendi": {
          "mean_tau": 0.5302,
          "std_tau": 0.3531
        },
        "epd_vs_jaccard": {
          "mean_tau": 0.4913,
          "std_tau": 0.3512
        },
        "vendi_vs_jaccard": {
          "mean_tau": 0.9076,
          "std_tau": 0.0634
        }
      },
      "50": {
        "distinct_2_vs_self_bleu": {
          "mean_tau": -0.9316,
          "std_tau": 0.0954
        },
        "distinct_2_vs_entropy": {
          "mean_tau": 0.9391,
          "std_tau": 0.0588
        },
        "distinct_2_vs_epd": {
          "mean_tau": 0.5326,
          "std_tau": 0.3479
        },
        "distinct_2_vs_vendi": {
          "mean_tau": 0.9027,
          "std_tau": 0.0785
        },
        "distinct_2_vs_jaccard": {
          "mean_tau": 0.9474,
          "std_tau": 0.0532
        },
        "self_bleu_vs_entropy": {
          "mean_tau": -0.8876,
          "std_tau": 0.112
        },
        "self_bleu_vs_epd": {
          "mean_tau": -0.5089,
          "std_tau": 0.378
        },
        "self_bleu_vs_vendi": {
          "mean_tau": -0.8708,
          "std_tau": 0.1169
        },
        "self_bleu_vs_jaccard": {
          "mean_tau": -0.8941,
          "std_tau": 0.1152
        },
        "entropy_vs_epd": {
          "mean_tau": 0.5109,
          "std_tau": 0.3283
        },
        "entropy_vs_vendi": {
          "mean_tau": 0.8741,
          "std_tau": 0.0842
        },
        "entropy_vs_jaccard": {
          "mean_tau": 0.9382,
          "std_tau": 0.0646
        },
        "epd_vs_vendi": {
          "mean_tau": 0.5756,
          "std_tau": 0.3501
        },
        "epd_vs_jaccard": {
          "mean_tau": 0.5202,
          "std_tau": 0.338
        },
        "vendi_vs_jaccard": {
          "mean_tau": 0.8872,
          "std_tau": 0.0826
        }
      },
      "100": {
        "distinct_2_vs_self_bleu": {
          "mean_tau": -0.9289,
          "std_tau": 0.0946
        },
        "distinct_2_vs_entropy": {
          "mean_tau": 0.9363,
          "std_tau": 0.0587
        },
        "distinct_2_vs_epd": {
          "mean_tau": 0.531,
          "std_tau": 0.3481
        },
        "distinct_2_vs_vendi": {
          "mean_tau": 0.8988,
          "std_tau": 0.08
        },
        "distinct_2_vs_jaccard": {
          "mean_tau": 0.9476,
          "std_tau": 0.0526
        },
        "self_bleu_vs_entropy": {
          "mean_tau": -0.8839,
          "std_tau": 0.1124
        },
        "self_bleu_vs_epd": {
          "mean_tau": -0.5063,
          "std_tau": 0.3786
        },
        "self_bleu_vs_vendi": {
          "mean_tau": -0.8706,
          "std_tau": 0.1144
        },
        "self_bleu_vs_jaccard": {
          "mean_tau": -0.8942,
          "std_tau": 0.1153
        },
        "entropy_vs_epd": {
          "mean_tau": 0.5052,
          "std_tau": 0.3249
        },
        "entropy_vs_vendi": {
          "mean_tau": 0.869,
          "std_tau": 0.0888
        },
        "entropy_vs_jaccard": {
          "mean_tau": 0.9336,
          "std_tau": 0.0679
        },
        "epd_vs_vendi": {
          "mean_tau": 0.5689,
          "std_tau": 0.3468
        },
        "epd_vs_jaccard": {
          "mean_tau": 0.5184,
          "std_tau": 0.3387
        },
        "vendi_vs_jaccard": {
          "mean_tau": 0.8886,
          "std_tau": 0.0809
        }
      }
    }
  }
}