{
  "selection_benchmark": {
    "k=5": {
      "DPP": {
        "spread_mean": 0.6556949905567202,
        "spread_std": 0.22618377037744555,
        "sum_dist_mean": 10.447816661133038,
        "sum_dist_std": 0.9889743770196702,
        "coverage_mean": 0.4708333333333334,
        "coverage_std": 0.17382981779762516,
        "runtime_mean": 0.009050750732421875,
        "n_successful": 30
      },
      "MMR": {
        "spread_mean": 1.0657622517503247,
        "spread_std": 0.0,
        "sum_dist_mean": 11.219979620008809,
        "sum_dist_std": 1.7763568394002505e-15,
        "coverage_mean": 0.5399999999999998,
        "coverage_std": 2.220446049250313e-16,
        "runtime_mean": 0.005933125813802083,
        "n_successful": 30
      },
      "Submodular-Greedy": {
        "spread_mean": 1.1284396552664755,
        "spread_std": 2.220446049250313e-16,
        "sum_dist_mean": 12.513490157519646,
        "sum_dist_std": 1.7763568394002505e-15,
        "coverage_mean": 0.04000000000000001,
        "coverage_std": 6.938893903907228e-18,
        "runtime_mean": 0.24929826259613036,
        "n_successful": 30
      },
      "FarthestPoint": {
        "spread_mean": 1.1557574399873063,
        "spread_std": 0.014950744737229306,
        "sum_dist_mean": 12.367788771314453,
        "sum_dist_std": 0.15441184296115304,
        "coverage_mean": 0.31500000000000006,
        "coverage_std": 0.23189437250610462,
        "runtime_mean": 0.005838163693745931,
        "n_successful": 30
      },
      "Random": {
        "spread_mean": 0.42513845642843257,
        "spread_std": 0.19034003825359394,
        "sum_dist_mean": 9.021926951220944,
        "sum_dist_std": 1.291201129243681,
        "coverage_mean": 0.5383333333333333,
        "coverage_std": 0.043076159944400276,
        "runtime_mean": 0.00018364588419596354,
        "n_successful": 30
      }
    },
    "k=10": {
      "DPP": {
        "spread_mean": 0.4420746186476352,
        "spread_std": 0.12234179998741752,
        "sum_dist_mean": 46.765899535666236,
        "sum_dist_std": 2.2886860155972237,
        "coverage_mean": 0.5980000000000001,
        "coverage_std": 0.029653555155045634,
        "runtime_mean": 0.009116427103678385,
        "n_successful": 30
      },
      "MMR": {
        "spread_mean": 0.7125161895713958,
        "spread_std": 0.0,
        "sum_dist_mean": 47.523595148502025,
        "sum_dist_std": 1.4210854715202004e-14,
        "coverage_mean": 0.5749999999999998,
        "coverage_std": 1.1102230246251565e-16,
        "runtime_mean": 0.005648382504781087,
        "n_successful": 30
      },
      "Submodular-Greedy": {
        "spread_mean": 0.9024163972813956,
        "spread_std": 1.1102230246251565e-16,
        "sum_dist_mean": 54.81943657051531,
        "sum_dist_std": 1.4210854715202004e-14,
        "coverage_mean": 0.06499999999999999,
        "coverage_std": 1.3877787807814457e-17,
        "runtime_mean": 0.24347856839497883,
        "n_successful": 30
      },
      "FarthestPoint": {
        "spread_mean": 1.051109731654658,
        "spread_std": 0.023800799249936815,
        "sum_dist_mean": 53.68022305189633,
        "sum_dist_std": 0.4105246557779004,
        "coverage_mean": 0.34600000000000003,
        "coverage_std": 0.23084771315017757,
        "runtime_mean": 0.00869921843210856,
        "n_successful": 30
      },
      "Random": {
        "spread_mean": 0.205462309377596,
        "spread_std": 0.1599480144571237,
        "sum_dist_mean": 39.457155875226796,
        "sum_dist_std": 4.408059089580495,
        "coverage_mean": 0.5798333333333333,
        "coverage_std": 0.03218393318964534,
        "runtime_mean": 0.00017099380493164064,
        "n_successful": 30
      }
    },
    "k=20": {
      "DPP": {
        "spread_mean": 0.36135723821837484,
        "spread_std": 0.06287067596650742,
        "sum_dist_mean": 196.41342863432808,
        "sum_dist_std": 6.331863081712435,
        "coverage_mean": 0.6923333333333332,
        "coverage_std": 0.023192431715731918,
        "runtime_mean": 0.012685290972391764,
        "n_successful": 30
      },
      "MMR": {
        "spread_mean": 0.4986027288284712,
        "spread_std": 5.551115123125783e-17,
        "sum_dist_mean": 191.11495168871082,
        "sum_dist_std": 0.0,
        "coverage_mean": 0.6350000000000002,
        "coverage_std": 2.220446049250313e-16,
        "runtime_mean": 0.006816720962524414,
        "n_successful": 30
      },
      "Submodular-Greedy": {
        "spread_mean": 0.4550489044325407,
        "spread_std": 1.1102230246251565e-16,
        "sum_dist_mean": 223.40454668127666,
        "sum_dist_std": 5.684341886080802e-14,
        "coverage_mean": 0.13499999999999995,
        "coverage_std": 5.551115123125783e-17,
        "runtime_mean": 0.260392951965332,
        "n_successful": 30
      },
      "FarthestPoint": {
        "spread_mean": 0.8968358511508818,
        "spread_std": 0.009821723454722707,
        "sum_dist_mean": 221.0375288734579,
        "sum_dist_std": 0.6904893165639037,
        "coverage_mean": 0.4186666666666667,
        "coverage_std": 0.23463778231326873,
        "runtime_mean": 0.021972123781840006,
        "n_successful": 30
      },
      "Random": {
        "spread_mean": 0.05218323006221377,
        "spread_std": 0.10516153158581443,
        "sum_dist_mean": 163.3628824408529,
        "sum_dist_std": 14.32015982647886,
        "coverage_mean": 0.6345,
        "coverage_std": 0.03186821823279949,
        "runtime_mean": 0.0003229538599650065,
        "n_successful": 30
      }
    }
  },
  "metric_taxonomy": {
    "gpt2_metrics": [
      "distinct_2",
      "self_bleu",
      "entropy",
      "epd",
      "vendi",
      "jaccard",
      "ptd",
      "crd",
      "usr",
      "ttr",
      "sed"
    ],
    "gpt2_tau_matrix": [
      [
        1.0,
        -0.9047619047619049,
        0.7714285714285715,
        0.9047619047619049,
        0.9238095238095239,
        0.8285714285714286,
        0.14285714285714288,
        0.9238095238095239,
        0.9428571428571428,
        0.9428571428571428,
        0.5047619047619049
      ],
      [
        -0.9047619047619049,
        1.0,
        -0.7523809523809525,
        -0.9238095238095239,
        -0.980952380952381,
        -0.8857142857142857,
        -0.08571428571428572,
        -0.9047619047619049,
        -0.961904761904762,
        -0.9238095238095239,
        -0.4476190476190477
      ],
      [
        0.7714285714285715,
        -0.7523809523809525,
        1.0,
        0.6761904761904762,
        0.7333333333333334,
        0.6761904761904762,
        0.29523809523809524,
        0.6952380952380953,
        0.7523809523809525,
        0.7523809523809525,
        0.6571428571428571
      ],
      [
        0.9047619047619049,
        -0.9238095238095239,
        0.6761904761904762,
        1.0,
        0.9428571428571428,
        0.8095238095238096,
        0.12380952380952381,
        0.9047619047619049,
        0.9238095238095239,
        0.8857142857142857,
        0.48571428571428577
      ],
      [
        0.9238095238095239,
        -0.980952380952381,
        0.7333333333333334,
        0.9428571428571428,
        1.0,
        0.8666666666666667,
        0.10476190476190476,
        0.9238095238095239,
        0.980952380952381,
        0.9428571428571428,
        0.4666666666666667
      ],
      [
        0.8285714285714286,
        -0.8857142857142857,
        0.6761904761904762,
        0.8095238095238096,
        0.8666666666666667,
        1.0,
        0.1619047619047619,
        0.9047619047619049,
        0.8857142857142857,
        0.8476190476190477,
        0.40952380952380957
      ],
      [
        0.14285714285714288,
        -0.08571428571428572,
        0.29523809523809524,
        0.12380952380952381,
        0.10476190476190476,
        0.1619047619047619,
        1.0,
        0.18095238095238098,
        0.12380952380952381,
        0.12380952380952381,
        0.561904761904762
      ],
      [
        0.9238095238095239,
        -0.9047619047619049,
        0.6952380952380953,
        0.9047619047619049,
        0.9238095238095239,
        0.9047619047619049,
        0.18095238095238098,
        1.0,
        0.9428571428571428,
        0.9047619047619049,
        0.5047619047619049
      ],
      [
        0.9428571428571428,
        -0.961904761904762,
        0.7523809523809525,
        0.9238095238095239,
        0.980952380952381,
        0.8857142857142857,
        0.12380952380952381,
        0.9428571428571428,
        1.0,
        0.961904761904762,
        0.48571428571428577
      ],
      [
        0.9428571428571428,
        -0.9238095238095239,
        0.7523809523809525,
        0.8857142857142857,
        0.9428571428571428,
        0.8476190476190477,
        0.12380952380952381,
        0.9047619047619049,
        0.961904761904762,
        1.0,
        0.48571428571428577
      ],
      [
        0.5047619047619049,
        -0.4476190476190477,
        0.6571428571428571,
        0.48571428571428577,
        0.4666666666666667,
        0.40952380952380957,
        0.561904761904762,
        0.5047619047619049,
        0.48571428571428577,
        0.48571428571428577,
        1.0
      ]
    ],
    "clusters": {
      "C1": [
        "distinct_2",
        "self_bleu",
        "entropy",
        "epd",
        "vendi",
        "jaccard",
        "crd",
        "usr",
        "ttr"
      ],
      "C2": [
        "ptd"
      ],
      "C3": [
        "sed"
      ]
    },
    "nano_summary": {
      "distinct_2_vs_self_bleu": {
        "mean_tau": -0.9473,
        "std_tau": 0.0557
      },
      "distinct_2_vs_entropy": {
        "mean_tau": 0.9363,
        "std_tau": 0.0587
      },
      "distinct_2_vs_epd": {
        "mean_tau": 0.531,
        "std_tau": 0.3481
      },
      "distinct_2_vs_vendi": {
        "mean_tau": 0.8988,
        "std_tau": 0.08
      },
      "distinct_2_vs_jaccard": {
        "mean_tau": 0.9476,
        "std_tau": 0.0526
      },
      "distinct_2_vs_ptd": {
        "mean_tau": 0.7542,
        "std_tau": 0.1427
      },
      "distinct_2_vs_crd": {
        "mean_tau": 0.9692,
        "std_tau": 0.0281
      },
      "distinct_2_vs_usr": {
        "mean_tau": 0.9424,
        "std_tau": 0.0509
      },
      "distinct_2_vs_ttr": {
        "mean_tau": 0.958,
        "std_tau": 0.0431
      },
      "distinct_2_vs_sed": {
        "mean_tau": 0.8967,
        "std_tau": 0.077
      },
      "self_bleu_vs_entropy": {
        "mean_tau": -0.905,
        "std_tau": 0.0643
      },
      "self_bleu_vs_epd": {
        "mean_tau": -0.5304,
        "std_tau": 0.3367
      },
      "self_bleu_vs_vendi": {
        "mean_tau": -0.8928,
        "std_tau": 0.0621
      },
      "self_bleu_vs_jaccard": {
        "mean_tau": -0.9139,
        "std_tau": 0.0664
      },
      "self_bleu_vs_ptd": {
        "mean_tau": -0.7217,
        "std_tau": 0.1271
      },
      "self_bleu_vs_crd": {
        "mean_tau": -0.9343,
        "std_tau": 0.0653
      },
      "self_bleu_vs_usr": {
        "mean_tau": -0.9059,
        "std_tau": 0.0729
      },
      "self_bleu_vs_ttr": {
        "mean_tau": -0.9222,
        "std_tau": 0.0718
      },
      "self_bleu_vs_sed": {
        "mean_tau": -0.8706,
        "std_tau": 0.0882
      },
      "entropy_vs_epd": {
        "mean_tau": 0.5052,
        "std_tau": 0.3249
      },
      "entropy_vs_vendi": {
        "mean_tau": 0.869,
        "std_tau": 0.0888
      },
      "entropy_vs_jaccard": {
        "mean_tau": 0.9336,
        "std_tau": 0.0679
      },
      "entropy_vs_ptd": {
        "mean_tau": 0.774,
        "std_tau": 0.1407
      },
      "entropy_vs_crd": {
        "mean_tau": 0.9279,
        "std_tau": 0.0621
      },
      "entropy_vs_usr": {
        "mean_tau": 0.9238,
        "std_tau": 0.0662
      },
      "entropy_vs_ttr": {
        "mean_tau": 0.9115,
        "std_tau": 0.0685
      },
      "entropy_vs_sed": {
        "mean_tau": 0.8744,
        "std_tau": 0.1005
      },
      "epd_vs_vendi": {
        "mean_tau": 0.5689,
        "std_tau": 0.3468
      },
      "epd_vs_jaccard": {
        "mean_tau": 0.5184,
        "std_tau": 0.3387
      },
      "epd_vs_ptd": {
        "mean_tau": 0.347,
        "std_tau": 0.2952
      },
      "epd_vs_crd": {
        "mean_tau": 0.5326,
        "std_tau": 0.3549
      },
      "epd_vs_usr": {
        "mean_tau": 0.5162,
        "std_tau": 0.3396
      },
      "epd_vs_ttr": {
        "mean_tau": 0.5335,
        "std_tau": 0.3653
      },
      "epd_vs_sed": {
        "mean_tau": 0.4912,
        "std_tau": 0.3334
      },
      "vendi_vs_jaccard": {
        "mean_tau": 0.8886,
        "std_tau": 0.0809
      },
      "vendi_vs_ptd": {
        "mean_tau": 0.7146,
        "std_tau": 0.1583
      },
      "vendi_vs_crd": {
        "mean_tau": 0.9,
        "std_tau": 0.0815
      },
      "vendi_vs_usr": {
        "mean_tau": 0.8825,
        "std_tau": 0.0885
      },
      "vendi_vs_ttr": {
        "mean_tau": 0.888,
        "std_tau": 0.0939
      },
      "vendi_vs_sed": {
        "mean_tau": 0.8504,
        "std_tau": 0.106
      },
      "jaccard_vs_ptd": {
        "mean_tau": 0.763,
        "std_tau": 0.1422
      },
      "jaccard_vs_crd": {
        "mean_tau": 0.9464,
        "std_tau": 0.0531
      },
      "jaccard_vs_usr": {
        "mean_tau": 0.9706,
        "std_tau": 0.0324
      },
      "jaccard_vs_ttr": {
        "mean_tau": 0.9365,
        "std_tau": 0.07
      },
      "jaccard_vs_sed": {
        "mean_tau": 0.9113,
        "std_tau": 0.0703
      },
      "ptd_vs_crd": {
        "mean_tau": 0.7515,
        "std_tau": 0.1453
      },
      "ptd_vs_usr": {
        "mean_tau": 0.764,
        "std_tau": 0.1409
      },
      "ptd_vs_ttr": {
        "mean_tau": 0.7409,
        "std_tau": 0.1528
      },
      "ptd_vs_sed": {
        "mean_tau": 0.7321,
        "std_tau": 0.1594
      },
      "crd_vs_usr": {
        "mean_tau": 0.9484,
        "std_tau": 0.0513
      },
      "crd_vs_ttr": {
        "mean_tau": 0.9592,
        "std_tau": 0.0346
      },
      "crd_vs_sed": {
        "mean_tau": 0.9021,
        "std_tau": 0.0722
      },
      "usr_vs_ttr": {
        "mean_tau": 0.9365,
        "std_tau": 0.0745
      },
      "usr_vs_sed": {
        "mean_tau": 0.9104,
        "std_tau": 0.0693
      },
      "ttr_vs_sed": {
        "mean_tau": 0.8927,
        "std_tau": 0.0912
      }
    },
    "domain_epd_taus": {},
    "epd_ablation": {
      "5": 0.3296,
      "8": 0.467,
      "10": 0.531
    },
    "length_ablation": {
      "30": 0.503,
      "50": 0.5326,
      "100": 0.531
    }
  },
  "scaling": {
    "times": {
      "DPP": {
        "50": 0.0014218330383300782,
        "100": 0.0021077632904052735,
        "200": 0.0062633991241455075,
        "500": 0.038686370849609374,
        "1000": 0.2556558132171631
      },
      "SubmodularGreedy": {
        "50": 0.0030268192291259765,
        "100": 0.0061647891998291016,
        "200": 0.016007375717163087,
        "500": 0.07486348152160645,
        "1000": 0.257893705368042,
        "2000": 1.888036346435547
      },
      "FarthestPoint": {
        "50": 0.00040764808654785155,
        "100": 0.00046563148498535156,
        "200": 0.0005662918090820312,
        "500": 0.0009185791015625,
        "1000": 0.001266813278198242,
        "2000": 0.002128934860229492
      },
      "Random": {
        "50": 0.00017066001892089843,
        "100": 0.0001530170440673828,
        "200": 0.00016198158264160156,
        "500": 0.0001773834228515625,
        "1000": 0.00020241737365722656,
        "2000": 0.0002204418182373047
      }
    },
    "scaling_exponents": {
      "DPP": {
        "exponent": 1.7582579045539195,
        "r_squared": 0.9571980854299468,
        "n_points": 5
      },
      "SubmodularGreedy": {
        "exponent": 1.7089931593540317,
        "r_squared": 0.9755765099405412,
        "n_points": 6
      },
      "FarthestPoint": {
        "exponent": 0.4478849072240594,
        "r_squared": 0.9638477993841427,
        "n_points": 6
      },
      "Random": {
        "exponent": 0.08464381263589052,
        "r_squared": 0.7418393108856429,
        "n_points": 6
      }
    }
  },
  "fair_diversity": {
    "n": 200,
    "k": 20,
    "d": 50,
    "group_sizes": [
      120,
      50,
      20,
      10
    ],
    "min_per_group": {
      "0": 2,
      "1": 2,
      "2": 2,
      "3": 2
    },
    "unconstrained": {
      "group_counts": {
        "0": 2,
        "1": 11,
        "2": 4,
        "3": 3
      },
      "spread": 10.360912411568208,
      "sum_dist": 4732.665251023713
    },
    "fair": {
      "group_counts": {
        "0": 7,
        "1": 9,
        "2": 2,
        "3": 2
      },
      "spread": 10.495150819220186,
      "sum_dist": 4696.697700482931,
      "constraints_met": true
    },
    "diversity_retention": 0.9924001490422334
  },
  "baseline_comparison": {
    "DivFlow-DPP": {
      "spread_mean": 7.855093777033218,
      "spread_std": 0.5440198700533451,
      "sum_dist_mean": 446.329549429806,
      "sum_dist_std": 16.941663778240766,
      "runtime_ms": 5.518619219462077,
      "n_trials": 30
    },
    "DivFlow-FarthestPoint": {
      "spread_mean": 10.640247367734803,
      "spread_std": 0.1964614364848924,
      "sum_dist_mean": 527.3344959478575,
      "sum_dist_std": 11.076759793445284,
      "runtime_ms": 0.5846738815307617,
      "n_trials": 30
    },
    "DivFlow-Submodular": {
      "spread_mean": 10.162831567784322,
      "spread_std": 0.38310884565680514,
      "sum_dist_mean": 547.5113285909363,
      "sum_dist_std": 8.54172007379765,
      "runtime_ms": 13.55888843536377,
      "n_trials": 30
    },
    "Random": {
      "spread_mean": 8.007529766650604,
      "spread_std": 0.5962179669099696,
      "sum_dist_mean": 448.26225118161733,
      "sum_dist_std": 16.827496926482905,
      "runtime_ms": 0.03613630930582682,
      "n_trials": 30
    },
    "sklearn-KMeans": {
      "spread_mean": 7.178181577803558,
      "spread_std": 0.4148166142616787,
      "sum_dist_mean": 400.4682404417975,
      "sum_dist_std": 9.091123024480533,
      "runtime_ms": 20.782335599263508,
      "n_trials": 30
    },
    "stat_test_fp_vs_random": {
      "t_statistic": 22.584732853604237,
      "p_value": 2.0075917866423894e-30,
      "cohens_d": 5.9310414161931115
    },
    "stat_test_sub_vs_random": {
      "t_statistic": 16.377510025929606,
      "p_value": 2.0267823480440023e-23,
      "cohens_d": 4.3009448412583176
    }
  },
  "text_selection": {
    "DPP": {
      "distinct_2": 0.6940726577437859,
      "entropy": 9.208311204172402,
      "n_selected": 20
    },
    "FarthestPoint": {
      "distinct_2": 0.8724604966139955,
      "entropy": 9.52279444892657,
      "n_selected": 20
    },
    "Random": {
      "distinct_2": 0.5735586481113321,
      "entropy": 8.82440114226882,
      "n_selected": 20
    }
  }
}